# North Border (10 points, west to east)
north_border = [
    (31.594361, 34.490972), (31.588537, 34.498521), 
    (31.582713, 34.506071), (31.576889, 34.513620), 
    (31.571065, 34.521170), (31.565241, 34.528719), 
    (31.559417, 34.536269), (31.553593, 34.543818), 
    (31.547769, 34.551367), (31.541944, 34.558917)
]

# South Border (10 points, west to east)
south_border = [
    (31.323472, 34.219500), (31.314058, 34.224296), 
    (31.304572, 34.231496), (31.296752, 34.238186), 
    (31.285679, 34.244640), (31.275899, 34.248330), 
    (31.267164, 34.251636), (31.256906, 34.255585), 
    (31.248162, 34.257870), (31.238750, 34.262667)
]

# East Border (22 points, north to south)
east_border = [
    (31.541944, 34.558917), (31.527232, 34.549798), 
    (31.510029, 34.527733), (31.501477, 34.509430), 
    (31.488174, 34.493128), (31.468283, 34.470579), 
    (31.446198, 34.465365), (31.430241, 34.449773), 
    (31.414283, 34.434181), (31.407802, 34.400024), 
    (31.390108, 34.381546), (31.370028, 34.367109), 
    (31.348718, 34.364791), (31.334495, 34.366221), 
    (31.317651, 34.370951), (31.294308, 34.368263), 
    (31.286623, 34.349445), (31.270665, 34.333853), 
    (31.254708, 34.318261), (31.246677, 34.296142),
    (31.240018, 34.279118), (31.235845, 34.266616)  
]

# West Border (20 points, north to south)
west_border = [
    (31.594361, 34.490972), (31.579062, 34.479699), 
    (31.563763, 34.468168), (31.548052, 34.455082), 
    (31.533488, 34.441599), (31.518103, 34.425720), 
    (31.504912, 34.414600), (31.489509, 34.400245), 
    (31.475868, 34.387114), (31.460557, 34.372208), 
    (31.446909, 34.359052), (31.431654, 34.344237), 
    (31.417798, 34.328913), (31.404229, 34.312974), 
    (31.390923, 34.295800), (31.377187, 34.281394), 
    (31.362206, 34.264606), (31.349066, 34.249492), 
    (31.333829, 34.231684), (31.323472, 34.219500)
]